drone:
  mission_file: case_studies/mission1.plan
  params:
    MIS_TAKEOFF_ALT: 1.0
    MIS_YAW_ERR: 12.0
    MPC_YAW_MODE: 0
    NAV_ACC_RAD: 0.5
    NAV_DLL_ACT: 0
    NAV_MC_ALT_RAD: 0.5
    NAV_RCL_ACT: 3
    SDLOG_PROFILE: 7
  port: 14541
simulation:
  headless: true
  obstacles:
  - position:
      r: 0
      x: 1.3332227634354363
      y: 28.68162040124542
      z: 0
    size:
      h: 10
      l: 18.266500701476183
      w: 10.567624007612297
  - position:
      r: 0
      x: -14.096556621776129
      y: 16.99181529445158
      z: 0
    size:
      h: 10
      l: 14.114430124615222
      w: 12.761121903028155
  simulator: ros
test:
  commands:
  - mode: 3
    r: 0
    timestamp: 1
    x: 0
    y: 0
    z: 0.5
