drone:
  mission_file: case_studies/mission1.plan
  params:
    MIS_TAKEOFF_ALT: 1.0
    MIS_YAW_ERR: 12.0
    MPC_YAW_MODE: 0
    NAV_ACC_RAD: 0.5
    NAV_DLL_ACT: 0
    NAV_MC_ALT_RAD: 0.5
    NAV_RCL_ACT: 3
    SDLOG_PROFILE: 7
  port: 14541
simulation:
  headless: true
  obstacles:
  - position:
      r: 0
      x: 6.349424571298734
      y: 28.221606902773477
      z: 0
    size:
      h: 10
      l: 18.45234534281526
      w: 13.525557264600279
  - position:
      r: 0
      x: -13.641342949567147
      y: 19.554262628460297
      z: 0
    size:
      h: 10
      l: 12.41541610455548
      w: 12.379535762736662
  simulator: ros
test:
  commands:
  - mode: 3
    r: 0
    timestamp: 1
    x: 0
    y: 0
    z: 0.5
