drone:
  mission_file: case_studies/mission1.plan
  params:
    MIS_TAKEOFF_ALT: 1.0
    MIS_YAW_ERR: 12.0
    MPC_YAW_MODE: 0
    NAV_ACC_RAD: 0.5
    NAV_DLL_ACT: 0
    NAV_MC_ALT_RAD: 0.5
    NAV_RCL_ACT: 3
    SDLOG_PROFILE: 7
  port: 14541
simulation:
  headless: true
  obstacles:
  - position:
      r: 0
      x: -10.567862736549362
      y: 14.487452504124256
      z: 0
    size:
      h: 25
      l: 13.17675182775201
      w: 5.237412241842173
  - position:
      r: 0
      x: 9.04803180545884
      y: 16.55122498287048
      z: 0
    size:
      h: 25
      l: 15.55047171868376
      w: 10.792153664397695
  simulator: ros
test:
  commands:
  - mode: 3
    r: 0
    timestamp: 1
    x: 0
    y: 0
    z: 0.5
