drone:
  mission_file: case_studies/mission1.plan
  params:
    MIS_TAKEOFF_ALT: 1.0
    MIS_YAW_ERR: 12.0
    MPC_YAW_MODE: 0
    NAV_ACC_RAD: 0.5
    NAV_DLL_ACT: 0
    NAV_MC_ALT_RAD: 0.5
    NAV_RCL_ACT: 3
    SDLOG_PROFILE: 7
  port: 14541
simulation:
  headless: true
  obstacles:
  - position:
      r: 0
      x: 0.31249411360925805
      y: 35.56636650548038
      z: 0
    size:
      h: 25
      l: 19.110670862844813
      w: 2.759858016194868
  - position:
      r: 0
      x: -2.9328146417068988
      y: 18.003094654872704
      z: 0
    size:
      h: 25
      l: 15.596999820691114
      w: 10.157612838983566
  simulator: ros
test:
  commands:
  - mode: 3
    r: 0
    timestamp: 1
    x: 0
    y: 0
    z: 0.5
