drone:
  mission_file: case_studies/mission1.plan
  params:
    MIS_TAKEOFF_ALT: 1.0
    MIS_YAW_ERR: 12.0
    MPC_YAW_MODE: 0
    NAV_ACC_RAD: 0.5
    NAV_DLL_ACT: 0
    NAV_MC_ALT_RAD: 0.5
    NAV_RCL_ACT: 3
    SDLOG_PROFILE: 7
  port: 14541
simulation:
  headless: true
  obstacles:
  - position:
      r: 0
      x: -0.3736629467956094
      y: 22.599737310915362
      z: 0
    size:
      h: 10
      l: 15.479831051756085
      w: 3.475882650717362
  - position:
      r: 0
      x: 17.52991455707079
      y: 11.275658161881987
      z: 0
    size:
      h: 10
      l: 13.41568079151094
      w: 2.395219305703235
  simulator: ros
test:
  commands:
  - mode: 3
    r: 0
    timestamp: 1
    x: 0
    y: 0
    z: 0.5
