drone:
  mission_file: case_studies/mission1.plan
  params:
    MIS_TAKEOFF_ALT: 1.0
    MIS_YAW_ERR: 12.0
    MPC_YAW_MODE: 0
    NAV_ACC_RAD: 0.5
    NAV_DLL_ACT: 0
    NAV_MC_ALT_RAD: 0.5
    NAV_RCL_ACT: 3
    SDLOG_PROFILE: 7
  port: 14541
simulation:
  headless: true
  obstacles:
  - position:
      r: 0
      x: -0.1910652523518075
      y: 19.132228682499374
      z: 0
    size:
      h: 10
      l: 14.461690485452056
      w: 17.24918472778458
  - position:
      r: 0
      x: -13.641342949567147
      y: 19.554262628460297
      z: 0
    size:
      h: 10
      l: 10.54979491024015
      w: 14.260045327681619
  simulator: ros
test:
  commands:
  - mode: 3
    r: 0
    timestamp: 1
    x: 0
    y: 0
    z: 0.5
