drone:
  mission_file: case_studies/mission1.plan
  params:
    MIS_TAKEOFF_ALT: 1.0
    MIS_YAW_ERR: 12.0
    MPC_YAW_MODE: 0
    NAV_ACC_RAD: 0.5
    NAV_DLL_ACT: 0
    NAV_MC_ALT_RAD: 0.5
    NAV_RCL_ACT: 3
    SDLOG_PROFILE: 7
  port: 14541
simulation:
  headless: true
  obstacles:
  - position:
      r: 0
      x: -6.035081603291045
      y: 19.207879584514675
      z: 0
    size:
      h: 10
      l: 12.279826437202843
      w: 14.244651933951396
  - position:
      r: 0
      x: 7.545845089449591
      y: 29.47794018089155
      z: 0
    size:
      h: 10
      l: 13.042730147129493
      w: 15.800193571595765
  simulator: ros
test:
  commands:
  - mode: 3
    r: 0
    timestamp: 1
    x: 0
    y: 0
    z: 0.5
