drone:
  mission_file: case_studies/mission1.plan
  params:
    MIS_TAKEOFF_ALT: 1.0
    MIS_YAW_ERR: 12.0
    MPC_YAW_MODE: 0
    NAV_ACC_RAD: 0.5
    NAV_DLL_ACT: 0
    NAV_MC_ALT_RAD: 0.5
    NAV_RCL_ACT: 3
    SDLOG_PROFILE: 7
  port: 14541
simulation:
  headless: true
  obstacles:
  - position:
      r: 0
      x: -4.300717511578666
      y: 17.37489515577134
      z: 0
    size:
      h: 25
      l: 13.093295997526376
      w: 2.621480388864601
  - position:
      r: 0
      x: 7.648070804210461
      y: 14.275257247685833
      z: 0
    size:
      h: 25
      l: 17.006105098004223
      w: 2.601854344251083
  simulator: ros
test:
  commands:
  - mode: 3
    r: 0
    timestamp: 1
    x: 0
    y: 0
    z: 0.5
