drone:
  mission_file: case_studies/mission1.plan
  params:
    MIS_TAKEOFF_ALT: 1.0
    MIS_YAW_ERR: 12.0
    MPC_YAW_MODE: 0
    NAV_ACC_RAD: 0.5
    NAV_DLL_ACT: 0
    NAV_MC_ALT_RAD: 0.5
    NAV_RCL_ACT: 3
    SDLOG_PROFILE: 7
  port: 14541
simulation:
  headless: true
  obstacles:
  - position:
      r: 0
      x: -5.552183024316556
      y: 21.112381215745593
      z: 0
    size:
      h: 10
      l: 3.1569396271576107
      w: 16.53842161268185
  - position:
      r: 0
      x: 3.7753495592440243
      y: 31.252347562457647
      z: 0
    size:
      h: 10
      l: 11.33429082379439
      w: 6.559184650361458
  simulator: ros
test:
  commands:
  - mode: 3
    r: 0
    timestamp: 1
    x: 0
    y: 0
    z: 0.5
