drone:
  mission_file: case_studies/mission1.plan
  params:
    MIS_TAKEOFF_ALT: 1.0
    MIS_YAW_ERR: 12.0
    MPC_YAW_MODE: 0
    NAV_ACC_RAD: 0.5
    NAV_DLL_ACT: 0
    NAV_MC_ALT_RAD: 0.5
    NAV_RCL_ACT: 3
    SDLOG_PROFILE: 7
  port: 14541
simulation:
  headless: true
  obstacles:
  - position:
      r: 0
      x: -13.747937862667351
      y: 11.360357655507466
      z: 0
    size:
      h: 10
      l: 19.668940846587976
      w: 2.294114190727403
  - position:
      r: 0
      x: 0.47605689324226286
      y: 17.380666806997315
      z: 0
    size:
      h: 10
      l: 13.36035532003248
      w: 4.863994837355509
  simulator: ros
test:
  commands:
  - mode: 3
    r: 0
    timestamp: 1
    x: 0
    y: 0
    z: 0.5
