drone:
  mission_file: case_studies/mission1.plan
  params:
    MIS_TAKEOFF_ALT: 1.0
    MIS_YAW_ERR: 12.0
    MPC_YAW_MODE: 0
    NAV_ACC_RAD: 0.5
    NAV_DLL_ACT: 0
    NAV_MC_ALT_RAD: 0.5
    NAV_RCL_ACT: 3
    SDLOG_PROFILE: 7
  port: 14541
simulation:
  headless: true
  obstacles:
  - position:
      r: 0
      x: 8.49395439396777
      y: 31.026731044855843
      z: 0
    size:
      h: 10
      l: 18.255791756403593
      w: 4.674581056340966
  - position:
      r: 0
      x: -3.6686298552704013
      y: 24.199209296569652
      z: 0
    size:
      h: 10
      l: 6.130194639965385
      w: 2.0281514504840494
  simulator: ros
test:
  commands:
  - mode: 3
    r: 0
    timestamp: 1
    x: 0
    y: 0
    z: 0.5
