drone:
  mission_file: case_studies/mission1.plan
  params:
    MIS_TAKEOFF_ALT: 1.0
    MIS_YAW_ERR: 12.0
    MPC_YAW_MODE: 0
    NAV_ACC_RAD: 0.5
    NAV_DLL_ACT: 0
    NAV_MC_ALT_RAD: 0.5
    NAV_RCL_ACT: 3
    SDLOG_PROFILE: 7
  port: 14541
simulation:
  headless: true
  obstacles:
  - position:
      r: 0
      x: 0.7097538375779214
      y: 18.077691186794148
      z: 0
    size:
      h: 25
      l: 11.499035857881761
      w: 2.7172541722504997
  - position:
      r: 0
      x: -1.5860637287955512
      y: 37.74764648633772
      z: 0
    size:
      h: 25
      l: 18.69353912357646
      w: 2.7105160147476246
  simulator: ros
test:
  commands:
  - mode: 3
    r: 0
    timestamp: 1
    x: 0
    y: 0
    z: 0.5
