drone:
  mission_file: case_studies/mission2.plan
  params:
    MIS_TAKEOFF_ALT: 1.0
    MIS_YAW_ERR: 12.0
    MPC_YAW_MODE: 0
    NAV_ACC_RAD: 0.5
    NAV_DLL_ACT: 0
    NAV_MC_ALT_RAD: 0.5
    NAV_RCL_ACT: 3
    SDLOG_PROFILE: 7
  port: 14541
simulation:
  headless: true
  obstacles:
  - position:
      r: 0
      x: -16.772271624593646
      y: 18.432890259908337
      z: 0
    size:
      h: 10
      l: 14.243145212622808
      w: 2.3722051298284943
  - position:
      r: 0
      x: 1.4333403201187886
      y: 16.295660061102744
      z: 0
    size:
      h: 10
      l: 14.810281020968931
      w: 4.33804336544975
  simulator: ros
test:
  commands:
  - mode: 3
    r: 0
    timestamp: 1
    x: 0
    y: 0
    z: 0.5
