drone:
  mission_file: case_studies/mission2.plan
  params:
    MIS_TAKEOFF_ALT: 1.0
    MIS_YAW_ERR: 12.0
    MPC_YAW_MODE: 0
    NAV_ACC_RAD: 0.5
    NAV_DLL_ACT: 0
    NAV_MC_ALT_RAD: 0.5
    NAV_RCL_ACT: 3
    SDLOG_PROFILE: 7
  port: 14541
simulation:
  headless: true
  obstacles:
  - position:
      r: 0
      x: -11.702838779624093
      y: 15.703857421365488
      z: 0
    size:
      h: 10
      l: 8.366925534589612
      w: 11.25206537871117
  - position:
      r: 0
      x: -1.3620267734573277
      y: 35.087474479766044
      z: 0
    size:
      h: 10
      l: 17.395866323373195
      w: 9.294197383066656
  simulator: ros
test:
  commands:
  - mode: 3
    r: 0
    timestamp: 1
    x: 0
    y: 0
    z: 0.5
