drone:
  mission_file: case_studies/mission3.plan
  params:
    MIS_TAKEOFF_ALT: 1.0
    MIS_YAW_ERR: 12.0
    MPC_YAW_MODE: 0
    NAV_ACC_RAD: 0.5
    NAV_DLL_ACT: 0
    NAV_MC_ALT_RAD: 0.5
    NAV_RCL_ACT: 3
    SDLOG_PROFILE: 7
  port: 14541
simulation:
  headless: true
  obstacles:
  - position:
      r: 0
      x: -14.100529887482015
      y: 34.609890030961026
      z: 0
    size:
      h: 10
      l: 14.11504787682862
      w: 3.117869446107208
  - position:
      r: 0
      x: 0.5044957188541179
      y: 19.255718782514936
      z: 0
    size:
      h: 10
      l: 12.391610039108231
      w: 3.3357424717876363
  simulator: ros
test:
  commands:
  - mode: 3
    r: 0
    timestamp: 1
    x: 0
    y: 0
    z: 0.5
