drone:
  mission_file: case_studies/mission3.plan
  params:
    MIS_TAKEOFF_ALT: 1.0
    MIS_YAW_ERR: 12.0
    MPC_YAW_MODE: 0
    NAV_ACC_RAD: 0.5
    NAV_DLL_ACT: 0
    NAV_MC_ALT_RAD: 0.5
    NAV_RCL_ACT: 3
    SDLOG_PROFILE: 7
  port: 14541
simulation:
  headless: true
  obstacles:
  - position:
      r: 0
      x: -15.10752260015318
      y: 17.63702892592293
      z: 0
    size:
      h: 10
      l: 9.868972983813613
      w: 12.945411768465293
  - position:
      r: 0
      x: 5.677955083011881
      y: 11.268364346808815
      z: 0
    size:
      h: 10
      l: 17.956516175828632
      w: 2.2822538899477784
  simulator: ros
test:
  commands:
  - mode: 3
    r: 0
    timestamp: 1
    x: 0
    y: 0
    z: 0.5
