drone:
  mission_file: case_studies/mission3.plan
  params:
    MIS_TAKEOFF_ALT: 1.0
    MIS_YAW_ERR: 12.0
    MPC_YAW_MODE: 0
    NAV_ACC_RAD: 0.5
    NAV_DLL_ACT: 0
    NAV_MC_ALT_RAD: 0.5
    NAV_RCL_ACT: 3
    SDLOG_PROFILE: 7
  port: 14541
simulation:
  headless: true
  obstacles:
  - position:
      r: 0
      x: 4.817963871031752
      y: 19.603711564437518
      z: 0
    size:
      h: 10
      l: 16.337172059306646
      w: 2.069683926697902
  - position:
      r: 0
      x: -9.422324419007076
      y: 21.398476302904424
      z: 0
    size:
      h: 10
      l: 4.944416717367237
      w: 13.274521148473152
  simulator: ros
test:
  commands:
  - mode: 3
    r: 0
    timestamp: 1
    x: 0
    y: 0
    z: 0.5
