drone:
  mission_file: case_studies/mission3.plan
  params:
    MIS_TAKEOFF_ALT: 1.0
    MIS_YAW_ERR: 12.0
    MPC_YAW_MODE: 0
    NAV_ACC_RAD: 0.5
    NAV_DLL_ACT: 0
    NAV_MC_ALT_RAD: 0.5
    NAV_RCL_ACT: 3
    SDLOG_PROFILE: 7
  port: 14541
simulation:
  headless: true
  obstacles:
  - position:
      r: 0
      x: -14.986166099734373
      y: 19.71258311991236
      z: 0
    size:
      h: 10
      l: 15.052141430483838
      w: 3.516579680017259
  - position:
      r: 0
      x: -16.138736675913968
      y: 34.82492361930927
      z: 0
    size:
      h: 10
      l: 6.770791120140022
      w: 4.541732836540691
  simulator: ros
test:
  commands:
  - mode: 3
    r: 0
    timestamp: 1
    x: 0
    y: 0
    z: 0.5
