drone:
  mission_file: case_studies/mission3.plan
  params:
    MIS_TAKEOFF_ALT: 1.0
    MIS_YAW_ERR: 12.0
    MPC_YAW_MODE: 0
    NAV_ACC_RAD: 0.5
    NAV_DLL_ACT: 0
    NAV_MC_ALT_RAD: 0.5
    NAV_RCL_ACT: 3
    SDLOG_PROFILE: 7
  port: 14541
simulation:
  headless: true
  obstacles:
  - position:
      r: 0
      x: 0.49868645841799797
      y: 35.32691060035025
      z: 0
    size:
      h: 10
      l: 17.22328554580758
      w: 7.865221979088496
  - position:
      r: 0
      x: -14.100529887482015
      y: 34.609890030961026
      z: 0
    size:
      h: 10
      l: 3.6085948251447024
      w: 3.164220421598819
  simulator: ros
test:
  commands:
  - mode: 3
    r: 0
    timestamp: 1
    x: 0
    y: 0
    z: 0.5
