drone:
  mission_file: case_studies/mission3.plan
  params:
    MIS_TAKEOFF_ALT: 1.0
    MIS_YAW_ERR: 12.0
    MPC_YAW_MODE: 0
    NAV_ACC_RAD: 0.5
    NAV_DLL_ACT: 0
    NAV_MC_ALT_RAD: 0.5
    NAV_RCL_ACT: 3
    SDLOG_PROFILE: 7
  port: 14541
simulation:
  headless: true
  obstacles:
  - position:
      r: 0
      x: -5.845340386000423
      y: 22.645051103648296
      z: 0
    size:
      h: 10
      l: 5.068278911383324
      w: 8.757043915984818
  - position:
      r: 0
      x: 5.386605061048755
      y: 28.726372307936167
      z: 0
    size:
      h: 10
      l: 16.785513635687003
      w: 17.22083831285425
  simulator: ros
test:
  commands:
  - mode: 3
    r: 0
    timestamp: 1
    x: 0
    y: 0
    z: 0.5
