drone:
  mission_file: case_studies/mission3.plan
  params:
    MIS_TAKEOFF_ALT: 1.0
    MIS_YAW_ERR: 12.0
    MPC_YAW_MODE: 0
    NAV_ACC_RAD: 0.5
    NAV_DLL_ACT: 0
    NAV_MC_ALT_RAD: 0.5
    NAV_RCL_ACT: 3
    SDLOG_PROFILE: 7
  port: 14541
simulation:
  headless: true
  obstacles:
  - position:
      r: 0
      x: 6.649818589304296
      y: 30.5909374398133
      z: 0
    size:
      h: 10
      l: 18.035084984333835
      w: 6.704186861986216
  - position:
      r: 0
      x: -14.149140930381716
      y: 13.21775979080816
      z: 0
    size:
      h: 10
      l: 16.000436802950404
      w: 5.456921306228011
  simulator: ros
test:
  commands:
  - mode: 3
    r: 0
    timestamp: 1
    x: 0
    y: 0
    z: 0.5
