drone:
  mission_file: case_studies/mission3.plan
  params:
    MIS_TAKEOFF_ALT: 1.0
    MIS_YAW_ERR: 12.0
    MPC_YAW_MODE: 0
    NAV_ACC_RAD: 0.5
    NAV_DLL_ACT: 0
    NAV_MC_ALT_RAD: 0.5
    NAV_RCL_ACT: 3
    SDLOG_PROFILE: 7
  port: 14541
simulation:
  headless: true
  obstacles:
  - position:
      r: 0
      x: -2.110907443091677
      y: 12.297273615810568
      z: 0
    size:
      h: 10
      l: 14.232740809818768
      w: 2.4697752519905487
  - position:
      r: 0
      x: -8.475027603201067
      y: 17.885370342395
      z: 0
    size:
      h: 10
      l: 15.044823946812366
      w: 2.156447400069517
  simulator: ros
test:
  commands:
  - mode: 3
    r: 0
    timestamp: 1
    x: 0
    y: 0
    z: 0.5
